dtt=3.725290e-10
t=4.206400e+04
S-0=0.000000e+00
S-1=1.240820e+02
S-2=0.000000e+00
S-3=0.000000e+00
S-4=0.000000e+00
S-5=3.613320e+01
S-6=0.000000e+00
S-7=2.127120e+02
S-8=4.466952e+01
S-9=3.914430e+01
S-10=2.011415e+02
S-11=1.418080e+00
S-12=1.053885e+02
outflow_corr_factor-0=1.000000e+00
outflow_corr_factor-1=1.000000e+00
outflow_corr_factor-2=1.000000e+00
outflow_corr_factor-3=1.000000e+00
outflow_corr_factor-4=1.000000e+00
outflow_corr_factor-5=1.000000e+00
outflow_corr_factor-6=1.000000e+00
outflow_corr_factor-7=1.000000e+00
outflow_corr_factor-8=1.000000e+00
outflow_corr_factor-9=1.000000e+00
outflow_corr_factor-10=1.000000e+00
outflow_corr_factor-11=1.000000e+00
outflow_corr_factor-12=1.000000e+00
fixed_status-0=0
fixed_status-1=0
fixed_status-2=0
fixed_status-3=0
fixed_status-4=0
fixed_status-5=0
fixed_status-6=0
fixed_status-7=0
fixed_status-8=0
fixed_status-9=0
fixed_status-10=0
fixed_status-11=0
fixed_status-12=0
