dtt=9.313226e-12
t=0.000000e+00
S-0=5.000000e-02
S-1=2.000000e-02
S-2=2.000000e-02
S-3=2.000000e-02
S-4=3.000000e+03
S-5=2.000000e-02
S-6=2.000000e-02
S-7=2.000000e-02
S-8=2.000000e-02
S-9=5.000000e-02
S-10=3.000000e+03
S-11=2.000000e-02
S-12=2.000000e-02
S-13=2.000000e-02
S-14=2.000000e-02
S-15=2.000000e-02
S-16=2.000000e-02
S-17=2.000000e-02
S-18=2.000000e-02
S-19=2.000000e-02
S-20=2.000000e-02
S-21=2.000000e-02
outflow_corr_factor-0=1.000000e+00
outflow_corr_factor-1=1.000000e+00
outflow_corr_factor-2=1.000000e+00
outflow_corr_factor-3=1.000000e+00
outflow_corr_factor-4=1.000000e+00
outflow_corr_factor-5=1.000000e+00
outflow_corr_factor-6=1.000000e+00
outflow_corr_factor-7=1.000000e+00
outflow_corr_factor-8=1.000000e+00
outflow_corr_factor-9=1.000000e+00
outflow_corr_factor-10=1.000000e+00
outflow_corr_factor-11=1.000000e+00
outflow_corr_factor-12=1.000000e+00
outflow_corr_factor-13=1.000000e+00
outflow_corr_factor-14=1.000000e+00
outflow_corr_factor-15=1.000000e+00
outflow_corr_factor-16=1.000000e+00
outflow_corr_factor-17=1.000000e+00
outflow_corr_factor-18=1.000000e+00
outflow_corr_factor-19=1.000000e+00
outflow_corr_factor-20=1.000000e+00
outflow_corr_factor-21=1.000000e+00
fixed_status-0=0
fixed_status-1=0
fixed_status-2=0
fixed_status-3=0
fixed_status-4=0
fixed_status-5=0
fixed_status-6=0
fixed_status-7=0
fixed_status-8=0
fixed_status-9=0
fixed_status-10=0
fixed_status-11=0
fixed_status-12=0
fixed_status-13=0
fixed_status-14=0
fixed_status-15=0
fixed_status-16=0
fixed_status-17=0
fixed_status-18=0
fixed_status-19=0
fixed_status-20=0
fixed_status-21=0
