dtt=9.313226e-12
t=0.000000e+00
S-0=3.000000e+03
S-1=3.000000e+03
S-2=8.468000e+03
S-3=3.000000e+03
S-4=3.000000e+03
outflow_corr_factor-0=1.000000e+00
outflow_corr_factor-1=1.000000e+00
outflow_corr_factor-2=1.000000e+00
outflow_corr_factor-3=1.000000e+00
outflow_corr_factor-4=1.000000e+00
fixed_status-0=0
fixed_status-1=0
fixed_status-2=0
fixed_status-3=0
fixed_status-4=0
