dtt=1.580500e-11
t=8.498564e+00
S-0=3.000000e+03
S-1=9.973086e+05
S-2=8.468000e+03
S-3=3.000000e+03
S-4=0.000000e+00
S-5=3.000000e+03
outflow_corr_factor-0=1.000000e+00
outflow_corr_factor-1=1.000000e+00
outflow_corr_factor-2=1.000000e+00
outflow_corr_factor-3=1.000000e+00
outflow_corr_factor-4=1.000000e+00
outflow_corr_factor-5=1.000000e+00
fixed_status-0=0
fixed_status-1=0
fixed_status-2=0
fixed_status-3=0
fixed_status-4=0
fixed_status-5=0
